1200,2100.000000
2200,2080.999199
2201,2079.030660
2202,2077.062120
2203,2075.093580
2204,2073.125040
2205,2071.156501
2206,2069.187961
2207,2067.219421
2208,2065.250881
2209,2063.282342
2210,2061.313802
2211,2059.345262
2212,2057.376722
2213,2055.408183
2214,2053.439643
2215,2051.471103
2216,2049.502563
2217,2047.534024
2218,2045.565484
2219,2043.596944
2220,2041.628404
2221,2039.659865
2222,2037.691325
2223,2035.722785
2224,2033.754245
2225,2031.785705
2226,2029.817166
2227,2027.848626
2228,2025.880086
2229,2023.911546
2230,2021.943007
2231,2019.974467
2232,2018.005927
2233,2016.037387
2234,2014.068848
2235,2012.100308
2236,2010.131768
2237,2008.163228
2238,2006.194689
2239,2004.226149
2240,2002.257609
2241,2000.289069
2242,1998.320530
2243,1996.351990
2244,1994.383450
2245,1992.414910
2246,1990.446371
2247,1988.477831
2248,1986.509291
2249,1984.540751
2250,1982.572212
2251,1980.603672
2252,1978.635132
2253,1976.666592
2254,1974.698053
2255,1972.729513
2256,1970.760973
2257,1968.792433
2258,1966.823894
2259,1964.855354
2260,1962.886814
2261,1960.918274
2262,1958.949735
2263,1956.981195
2264,1955.012655
2265,1953.044115
2266,1951.075576
2267,1949.107036
2268,1947.138496
2269,1945.169956
2270,1943.201417
2271,1941.232877
2272,1939.264337
2273,1937.295797
2274,1935.327258
2275,1933.358718
2276,1931.390178
2277,1929.421638
2278,1927.453099
2279,1925.484559
2280,1923.516019
2281,1921.547479
2282,1919.578940
2283,1917.610400
2284,1915.641860
2285,1913.673320
2286,1911.704781
2287,1909.736241
2288,1907.767701
2289,1905.799161
2290,1903.830622
2291,1901.862082
2292,1899.893542
2293,1897.925002
2294,1895.956463
2295,1893.987923
2296,1892.019383
2297,1890.050843
2298,1888.082304
2299,1886.113764
2300,1884.145224
2301,1882.176685
2302,1880.208145
2303,1878.239605
2304,1876.271065
2305,1874.302526
2306,1872.333986
2307,1870.365446
2308,1868.396906
2309,1866.428367
2310,1864.459827
2311,1862.491287
2312,1860.522747
2313,1858.554208
2314,1856.585668
2315,1854.617128
2316,1852.648588
2317,1850.680049
2318,1848.711509
2319,1846.742969
2320,1844.774429
2321,1842.805890
2322,1840.837350
2323,1838.868810
2324,1836.900271
2325,1834.931731
2326,1832.963191
2327,1830.994651
2328,1829.026112
2329,1827.057572
2330,1825.089032
2331,1823.120492
2332,1821.151953
2333,1819.183413
2334,1817.214873
2335,1815.246334
2336,1813.277794
2337,1811.309254
2338,1809.340714
2339,1807.372175
2340,1805.403635
2341,1803.435095
2342,1801.466555
2343,1799.498016
2344,1797.529476
2345,1795.560936
2346,1793.592397
2347,1791.623857
2348,1789.655317
2349,1787.686777
2350,1785.718238
2351,1783.749698
2352,1781.781158
2353,1779.812618
2354,1777.844079
2355,1775.875539
2356,1773.906999
2357,1771.938460
2358,1769.969920
2359,1768.001380
2360,1766.032840
2361,1764.064301
2362,1762.095761
2363,1760.127221
2364,1758.158682
2365,1756.190142
2366,1754.221602
2367,1752.253062
2368,1750.284523
2369,1748.315983
2370,1746.347443
2371,1744.378904
2372,1742.410364
2373,1740.441824
2374,1738.473284
2375,1736.504745
2376,1734.536205
2377,1732.567665
2378,1730.599126
2379,1728.630586
2380,1726.662046
2381,1724.693506
2382,1722.724967
2383,1720.756427
2384,1718.787887
2385,1716.819348
2386,1714.850808
2387,1712.882268
2388,1710.913728
2389,1708.945189
2390,1706.976649
2391,1705.008109
2392,1703.039570
2393,1701.071030
2394,1699.102490
2395,1697.133951
2396,1695.165411
2397,1693.196871
2398,1691.228331
2399,1689.259792
2400,1687.291252
2401,1685.322712
2402,1683.354173
2403,1681.385633
2404,1679.417093
2405,1677.448554
2406,1675.480014
2407,1673.511474
2408,1671.542934
2409,1669.574395
2410,1667.605855
2411,1665.637315
2412,1663.668776
2413,1661.700236
2414,1659.731696
2415,1657.763157
2416,1655.794617
2417,1653.826077
2418,1651.857538
2419,1649.888998
2420,1647.920458
2421,1645.951918
2422,1643.983379
2423,1642.014839
2424,1640.046299
2425,1638.077760
2426,1636.109220
2427,1634.140680
2428,1632.172141
2429,1630.203601
2430,1628.235061
2431,1626.266522
2432,1624.297982
2433,1622.329442
2434,1620.360903
2435,1618.392363
2436,1616.423823
2437,1614.455284
2438,1612.486744
2439,1610.518204
2440,1608.549664
2441,1606.581125
2442,1604.612585
2443,1602.644045
2444,1600.675506
2445,1598.706966
2446,1596.738426
2447,1594.769887
2448,1592.801347
2449,1590.832807
2550,1543.900335
2551,1541.850610
2552,1539.800885
2553,1537.751160
2554,1535.701435
2555,1533.651711
2556,1531.601986
2557,1529.552261
2558,1527.502536
2559,1525.452811
2560,1523.403086
2561,1521.353362
2562,1519.303637
2563,1517.253912
2564,1515.204187
2565,1513.154462
2566,1511.104737
2567,1509.055013
2568,1507.005288
2569,1504.955563
2570,1502.905838
2571,1500.856113
2572,1498.806388
2573,1496.756663
2574,1494.706939
2575,1492.657214
2576,1490.607489
2577,1488.557764
2578,1486.508039
2579,1484.458314
2580,1482.408590
2581,1480.358865
2582,1478.309140
2583,1476.259415
2584,1474.209690
2585,1472.159966
2586,1470.110241
2587,1468.060516
2588,1466.010791
2589,1463.961066
2590,1461.911341
2591,1459.861617
2592,1457.811892
2593,1455.762167
2594,1453.712442
2595,1451.662717
2596,1449.612992
2597,1447.563268
2598,1445.513543
2599,1443.463818
2600,1441.414093
2601,1439.364368
2602,1437.314644
2603,1435.264919
2604,1433.215194
2605,1431.165469
2606,1429.115744
2607,1427.066020
2608,1425.016295
2609,1422.966570
2610,1420.916845
2611,1418.867120
2612,1416.817396
2613,1414.767671
2614,1412.717946
2615,1410.668221
2616,1408.618496
2617,1406.568772
2618,1404.519047
2619,1402.469322
2620,1400.419597
2621,1398.369872
2622,1396.320148
2623,1394.270423
2624,1392.220698
2625,1390.170973
2626,1388.121248
2627,1386.071524
2628,1384.021799
2629,1381.972074
2630,1379.922349
2631,1377.872624
2632,1375.822900
2633,1373.773175
2634,1371.723450
2635,1369.673725
2636,1367.624000
2637,1365.574276
2638,1363.524551
2639,1361.474826
2640,1359.425101
2641,1357.375377
2642,1355.325652
2643,1353.275927
2644,1351.226202
2645,1349.176477
2646,1347.126753
2647,1345.077028
2648,1343.027303
2649,1340.977578
2650,1338.927854
2651,1336.878129
2652,1334.828404
2653,1332.778679
2654,1330.728954
2655,1328.679230
2656,1326.629505
2657,1324.579780
2658,1322.530055
2659,1320.480331
2660,1318.430606
2661,1316.380881
2662,1314.331156
2663,1312.281432
2664,1310.231707
2665,1308.181982
2666,1306.132257
2667,1304.082533
2668,1302.032808
2669,1299.983083
2670,1297.933358
2671,1295.883634
2672,1293.833909
2673,1291.784184
2674,1289.734459
2675,1287.684735
2676,1285.635010
2677,1283.585285
2678,1281.535560
2679,1279.485836
2680,1277.436111
2681,1275.386386
2682,1273.336661
2683,1271.286937
2684,1269.237212
2685,1267.187487
2686,1265.137762
2687,1263.088038
2688,1261.038313
2689,1258.988588
2690,1256.938863
2691,1254.889139
2692,1252.839414
2693,1250.789689
2694,1248.739964
2695,1246.690240
2696,1244.640515
2697,1242.590790
2698,1240.541065
2699,1238.491341
2700,1236.441616
2701,1234.391891
2702,1232.342167
2703,1230.292442
2704,1228.242717
2705,1226.192992
2706,1224.143268
2707,1222.093543
2708,1220.043818
2709,1217.994093
2710,1215.944369
2711,1213.894644
2712,1211.844919
2713,1209.795195
2714,1207.745470
2715,1205.695745
2716,1203.646020
2717,1201.596296
2718,1199.546571
2719,1197.496846
2720,1195.447122
2721,1193.397397
2722,1191.347672
2723,1189.297947
2724,1187.248223
2725,1185.198498
2726,1183.148773
2727,1181.099049
2728,1179.049324
2729,1176.999599
2730,1174.949875
2731,1172.900150
2732,1170.850425
2733,1168.800700
2734,1166.750976
2735,1164.701251
2736,1162.651526
2737,1160.601802
2738,1158.552077
2739,1156.502352
2740,1154.452628
2741,1152.402903
2742,1150.353178
2743,1148.303453
2744,1146.253729
2745,1144.204004
2746,1142.154279
2747,1140.104555
2748,1138.054830
2749,1136.005105
2850,978.261148
2851,978.170721
2852,978.080294
2853,977.989867
2854,977.899440
2855,977.809013
2856,977.718586
2857,977.628159
2858,977.537732
2859,977.447305
2860,977.356878
2861,977.266451
2862,977.176024
2863,977.085598
2864,976.995171
2865,976.904744
2866,976.814317
2867,976.723890
2868,976.633463
2869,976.543036
2870,976.452609
2871,976.362182
2872,976.271755
2873,976.181329
2874,976.090902
2875,976.000475
2876,975.910048
2877,975.819621
2878,975.729194
2879,975.638767
3480,60.000000

